k,m,h(m)
1,1,0.96875
1,2,0.9375
1,3,0.90625
1,4,0.875
1,5,0.84375
1,6,0.8125
1,7,0.78125
1,8,0.75
1,9,0.71875
1,10,0.6875
1,11,0.65625
1,12,0.625
1,13,0.59375
1,14,0.5625
1,15,0.53125
1,16,0.5
2,1,0.9375
2,2,0.877016
2,3,0.818548
2,4,0.762097
2,5,0.707661
2,6,0.655242
2,7,0.604839
2,8,0.556452
2,9,0.510081
2,10,0.465726
2,11,0.423387
2,12,0.383065
2,13,0.344758
2,14,0.308468
2,15,0.274194
2,16,0.241935
3,1,0.90625
3,2,0.818548
3,3,0.736694
3,4,0.660484
3,5,0.589718
3,6,0.524194
3,7,0.46371
3,8,0.408065
3,9,0.357056
3,10,0.310484
3,11,0.268145
3,12,0.229839
3,13,0.195363
3,14,0.164516
3,15,0.137097
3,16,0.112903
4,1,0.875
4,2,0.762097
4,3,0.660484
4,4,0.569383
4,5,0.488042
4,6,0.41574
4,7,0.35178
4,8,0.295495
4,9,0.246246
4,10,0.20342
4,11,0.166435
4,12,0.134733
4,13,0.107786
4,14,0.0850945
4,15,0.0661846
4,16,0.0506118
5,1,0.84375
5,2,0.707661
5,3,0.589718
5,4,0.488042
5,5,0.400892
5,6,0.326653
5,7,0.263835
5,8,0.211068
5,9,0.167095
5,10,0.13077
5,11,0.10105
5,12,0.0769903
5,13,0.0577427
5,14,0.0425473
5,15,0.0307286
5,16,0.0216908
6,1,0.8125
6,2,0.655242
6,3,0.524194
6,4,0.41574
6,5,0.326653
6,6,0.254063
6,7,0.195433
6,8,0.148529
6,9,0.111397
6,10,0.0823369
6,11,0.0598813
6,12,0.0427724
6,13,0.0299407
6,14,0.0204857
6,15,0.0136571
6,16,0.00883698
7,1,0.78125
7,2,0.604839
7,3,0.46371
7,4,0.35178
7,5,0.263835
7,6,0.195433
7,7,0.142817
7,8,0.102828
7,9,0.0728364
7,10,0.0506688
7,11,0.0345469
7,12,0.0230313
7,13,0.0149703
7,14,0.00945495
7,15,0.00577802
7,16,0.00339884
8,1,0.75
8,2,0.556452
8,3,0.408065
8,4,0.295495
8,5,0.211068
8,6,0.148529
8,7,0.102828
8,8,0.069923
8,9,0.0466153
8,10,0.0304013
8,11,0.0193463
8,12,0.0119763
8,13,0.00718576
8,14,0.00416018
8,15,0.00231121
8,16,0.00122358
9,1,0.71875
9,2,0.510081
9,3,0.357056
9,4,0.246246
9,5,0.167095
9,6,0.111397
9,7,0.0728364
9,8,0.0466153
9,9,0.0291346
9,10,0.0177341
9,11,0.0104792
9,12,0.00598813
9,13,0.00329347
9,14,0.00173341
9,15,0.000866704
9,16,0.000407861
10,1,0.6875
10,2,0.465726
10,3,0.310484
10,4,0.20342
10,5,0.13077
10,6,0.0823369
10,7,0.0506688
10,8,0.0304013
10,9,0.0177341
10,10,0.0100236
10,11,0.00546743
10,12,0.00286389
10,13,0.00143195
10,14,0.00067829
10,15,0.000301462
10,16,0.000124131
11,1,0.65625
11,2,0.423387
11,3,0.268145
11,4,0.166435
11,5,0.10105
11,6,0.0598813
11,7,0.0345469
11,8,0.0193463
11,9,0.0104792
11,10,0.00546743
11,11,0.00273371
11,12,0.00130177
11,13,0.000585796
11,14,0.000246651
11,15,9.59198e-05
11,16,3.3854e-05
12,1,0.625
12,2,0.383065
12,3,0.229839
12,4,0.134733
12,5,0.0769903
12,6,0.0427724
12,7,0.0230313
12,8,0.0119763
12,9,0.00598813
12,10,0.00286389
12,11,0.00130177
12,12,0.000557901
12,13,0.00022316
12,14,8.2217e-05
12,15,2.74057e-05
12,16,8.06049e-06
13,1,0.59375
13,2,0.344758
13,3,0.195363
13,4,0.107786
13,5,0.0577427
13,6,0.0299407
13,7,0.0149703
13,8,0.00718576
13,9,0.00329347
13,10,0.00143195
13,11,0.000585796
13,12,0.00022316
13,13,7.81061e-05
13,14,2.46651e-05
13,15,6.85141e-06
13,16,1.6121e-06
14,1,0.5625
14,2,0.308468
14,3,0.164516
14,4,0.0850945
14,5,0.0425473
14,6,0.0204857
14,7,0.00945495
14,8,0.00416018
14,9,0.00173341
14,10,0.00067829
14,11,0.000246651
14,12,8.2217e-05
14,13,2.46651e-05
14,14,6.49081e-06
14,15,1.4424e-06
14,16,2.54542e-07
15,1,0.53125
15,2,0.274194
15,3,0.137097
15,4,0.0661846
15,5,0.0307286
15,6,0.0136571
15,7,0.00577802
15,8,0.00231121
15,9,0.000866704
15,10,0.000301462
15,11,9.59198e-05
15,12,2.74057e-05
15,13,6.85141e-06
15,14,1.4424e-06
15,15,2.404e-07
15,16,2.82824e-08
16,1,0.5
16,2,0.241935
16,3,0.112903
16,4,0.0506118
16,5,0.0216908
16,6,0.00883698
16,7,0.00339884
16,8,0.00122358
16,9,0.000407861
16,10,0.000124131
16,11,3.3854e-05
16,12,8.06049e-06
16,13,1.6121e-06
16,14,2.54542e-07
16,15,2.82824e-08
16,16,1.66367e-09
17,1,0.46875
17,2,0.211694
17,3,0.0917339
17,4,0.0379588
17,5,0.0149124
17,6,0.00552311
17,7,0.00191185
17,8,0.000611791
17,9,0.000178439
17,10,4.65493e-05
17,11,1.05794e-05
17,12,2.01512e-06
17,13,3.02268e-07
17,14,3.18177e-08
17,15,1.76765e-09
18,1,0.4375
18,2,0.183468
18,3,0.0733871
18,4,0.0278365
18,5,0.0099416
18,6,0.00331387
18,7,0.00101965
18,8,0.000285502
18,9,7.13756e-05
18,10,1.55164e-05
18,11,2.82117e-06
18,12,4.03024e-07
18,13,4.03024e-08
18,14,2.12118e-09
19,1,0.40625
19,2,0.157258
19,3,0.0576613
19,4,0.0198832
19,5,0.00639103
19,6,0.00189364
19,7,0.000509826
19,8,0.000122358
19,9,2.54913e-05
19,10,4.43327e-06
19,11,6.04536e-07
19,12,5.75749e-08
19,13,2.87874e-09
20,1,0.375
20,2,0.133065
20,3,0.0443548
20,4,0.0137653
20,5,0.00393294
20,6,0.00101965
20,7,0.000235304
20,8,4.70608e-05
20,9,7.84347e-06
20,10,1.02306e-06
20,11,9.30056e-08
20,12,4.42884e-09
21,1,0.34375
21,2,0.110887
21,3,0.0332661
21,4,0.00917686
21,5,0.00229422
21,6,0.000509826
21,7,9.80434e-05
21,8,1.56869e-05
21,9,1.96087e-06
21,10,1.7051e-07
21,11,7.75047e-09
22,1,0.3125
22,2,0.0907258
22,3,0.0241935
22,4,0.00583982
22,5,0.00125139
22,6,0.000231739
22,7,3.56521e-05
22,8,4.27826e-06
22,9,3.56521e-07
22,10,1.55009e-08
23,1,0.28125
23,2,0.0725806
23,3,0.0169355
23,4,0.00350389
23,5,0.000625695
23,6,9.26956e-05
23,7,1.06956e-05
23,8,8.55652e-07
23,9,3.56521e-08
24,1,0.25
24,2,0.0564516
24,3,0.0112903
24,4,0.00194661
24,5,0.000278087
24,6,3.08985e-05
24,7,2.37681e-06
24,8,9.50724e-08
25,1,0.21875
25,2,0.0423387
25,3,0.00705645
25,4,0.000973304
25,5,0.000104283
25,6,7.72463e-06
25,7,2.97101e-07
26,1,0.1875
26,2,0.0302419
26,3,0.00403226
26,4,0.00041713
26,5,2.9795e-05
26,6,1.10352e-06
27,1,0.15625
27,2,0.0201613
27,3,0.00201613
27,4,0.000139043
27,5,4.96584e-06
28,1,0.125
28,2,0.0120968
28,3,0.000806452
28,4,2.78087e-05
29,1,0.09375
29,2,0.00604839
29,3,0.000201613
30,1,0.0625
30,2,0.00201613
31,1,0.03125
