k,m,h(m)
1,1,0.994792
1,2,0.989583
1,3,0.984375
1,4,0.979167
1,5,0.973958
1,6,0.96875
1,7,0.963542
1,8,0.958333
1,9,0.953125
1,10,0.947917
1,11,0.942708
1,12,0.9375
1,13,0.932292
1,14,0.927083
1,15,0.921875
1,16,0.916667
1,17,0.911458
1,18,0.90625
1,19,0.901042
1,20,0.895833
1,21,0.890625
1,22,0.885417
1,23,0.880208
1,24,0.875
1,25,0.869792
1,26,0.864583
1,27,0.859375
1,28,0.854167
1,29,0.848958
1,30,0.84375
1,31,0.838542
1,32,0.833333
1,33,0.828125
1,34,0.822917
1,35,0.817708
1,36,0.8125
1,37,0.807292
1,38,0.802083
1,39,0.796875
1,40,0.791667
1,41,0.786458
1,42,0.78125
1,43,0.776042
1,44,0.770833
1,45,0.765625
1,46,0.760417
1,47,0.755208
1,48,0.75
1,49,0.744792
1,50,0.739583
1,51,0.734375
1,52,0.729167
1,53,0.723958
1,54,0.71875
1,55,0.713542
1,56,0.708333
1,57,0.703125
1,58,0.697917
1,59,0.692708
1,60,0.6875
1,61,0.682292
1,62,0.677083
1,63,0.671875
1,64,0.666667
1,65,0.661458
1,66,0.65625
1,67,0.651042
1,68,0.645833
1,69,0.640625
1,70,0.635417
1,71,0.630208
1,72,0.625
1,73,0.619792
1,74,0.614583
1,75,0.609375
1,76,0.604167
1,77,0.598958
1,78,0.59375
1,79,0.588542
1,80,0.583333
1,81,0.578125
1,82,0.572917
1,83,0.567708
1,84,0.5625
1,85,0.557292
1,86,0.552083
1,87,0.546875
1,88,0.541667
1,89,0.536458
1,90,0.53125
1,91,0.526042
1,92,0.520833
1,93,0.515625
1,94,0.510417
1,95,0.505208
1,96,0.5
2,1,0.989583
2,2,0.979221
2,3,0.968914
2,4,0.958661
2,5,0.948462
2,6,0.938318
2,7,0.928229
2,8,0.918194
2,9,0.908213
2,10,0.898288
2,11,0.888416
2,12,0.878599
2,13,0.868837
2,14,0.85913
2,15,0.849476
2,16,0.839878
2,17,0.830334
2,18,0.820844
2,19,0.811409
2,20,0.802029
2,21,0.792703
2,22,0.783432
2,23,0.774215
2,24,0.765052
2,25,0.755945
2,26,0.746891
2,27,0.737893
2,28,0.728949
2,29,0.720059
2,30,0.711224
2,31,0.702443
2,32,0.693717
2,33,0.685046
2,34,0.676429
2,35,0.667866
2,36,0.659359
2,37,0.650905
2,38,0.642507
2,39,0.634162
2,40,0.625873
2,41,0.617637
2,42,0.609457
2,43,0.601331
2,44,0.593259
2,45,0.585242
2,46,0.57728
2,47,0.569372
2,48,0.561518
2,49,0.553719
2,50,0.545975
2,51,0.538285
2,52,0.53065
2,53,0.523069
2,54,0.515543
2,55,0.508072
2,56,0.500654
2,57,0.493292
2,58,0.485984
2,59,0.47873
2,60,0.471531
2,61,0.464387
2,62,0.457297
2,63,0.450262
2,64,0.443281
2,65,0.436355
2,66,0.429483
2,67,0.422666
2,68,0.415903
2,69,0.409195
2,70,0.402541
2,71,0.395942
2,72,0.389398
2,73,0.382908
2,74,0.376473
2,75,0.370092
2,76,0.363765
2,77,0.357493
2,78,0.351276
2,79,0.345113
2,80,0.339005
2,81,0.332952
2,82,0.326952
2,83,0.321008
2,84,0.315118
2,85,0.309282
2,86,0.303501
2,87,0.297775
2,88,0.292103
2,89,0.286486
2,90,0.280923
2,91,0.275414
2,92,0.269961
2,93,0.264562
2,94,0.259217
2,95,0.253927
2,96,0.248691
3,1,0.984375
3,2,0.968914
3,3,0.953615
3,4,0.938478
3,5,0.923503
3,6,0.908687
3,7,0.894031
3,8,0.879533
3,9,0.865193
3,10,0.851009
3,11,0.836982
3,12,0.823109
3,13,0.809391
3,14,0.795825
3,15,0.782413
3,16,0.769151
3,17,0.756041
3,18,0.74308
3,19,0.730268
3,20,0.717605
3,21,0.705088
3,22,0.692718
3,23,0.680494
3,24,0.668414
3,25,0.656478
3,26,0.644685
3,27,0.633034
3,28,0.621525
3,29,0.610155
3,30,0.598925
3,31,0.587834
3,32,0.576881
3,33,0.566064
3,34,0.555384
3,35,0.544838
3,36,0.534428
3,37,0.52415
3,38,0.514005
3,39,0.503992
3,40,0.49411
3,41,0.484358
3,42,0.474735
3,43,0.46524
3,44,0.455873
3,45,0.446632
3,46,0.437517
3,47,0.428527
3,48,0.419661
3,49,0.410918
3,50,0.402297
3,51,0.393798
3,52,0.38542
3,53,0.377161
3,54,0.36902
3,55,0.360998
3,56,0.353093
3,57,0.345304
3,58,0.337631
3,59,0.330072
3,60,0.322627
3,61,0.315294
3,62,0.308074
3,63,0.300964
3,64,0.293965
3,65,0.287075
3,66,0.280294
3,67,0.27362
3,68,0.267054
3,69,0.260593
3,70,0.254237
3,71,0.247985
3,72,0.241837
3,73,0.235791
3,74,0.229846
3,75,0.224003
3,76,0.218259
3,77,0.212615
3,78,0.207068
3,79,0.201619
3,80,0.196266
3,81,0.191009
3,82,0.185847
3,83,0.180778
3,84,0.175803
3,85,0.170919
3,86,0.166127
3,87,0.161425
3,88,0.156813
3,89,0.15229
3,90,0.147854
3,91,0.143505
3,92,0.139243
3,93,0.135066
3,94,0.130973
3,95,0.126963
3,96,0.123037
4,1,0.979167
4,2,0.958661
4,3,0.938478
4,4,0.918616
4,5,0.899071
4,6,0.87984
4,7,0.860918
4,8,0.842304
4,9,0.823993
4,10,0.805982
4,11,0.788268
4,12,0.770848
4,13,0.753718
4,14,0.736875
4,15,0.720316
4,16,0.704038
4,17,0.688037
4,18,0.672311
4,19,0.656855
4,20,0.641668
4,21,0.626745
4,22,0.612084
4,23,0.597683
4,24,0.583536
4,25,0.569642
4,26,0.555998
4,27,0.542601
4,28,0.529447
4,29,0.516533
4,30,0.503858
4,31,0.491417
4,32,0.479208
4,33,0.467228
4,34,0.455473
4,35,0.443942
4,36,0.432632
4,37,0.421539
4,38,0.41066
4,39,0.399994
4,40,0.389536
4,41,0.379285
4,42,0.369238
4,43,0.359392
4,44,0.349744
4,45,0.340291
4,46,0.331032
4,47,0.321962
4,48,0.31308
4,49,0.304384
4,50,0.29587
4,51,0.287535
4,52,0.279378
4,53,0.271396
4,54,0.263586
4,55,0.255946
4,56,0.248473
4,57,0.241165
4,58,0.234019
4,59,0.227034
4,60,0.220206
4,61,0.213533
4,62,0.207013
4,63,0.200643
4,64,0.194421
4,65,0.188346
4,66,0.182414
4,67,0.176623
4,68,0.170971
4,69,0.165456
4,70,0.160075
4,71,0.154827
4,72,0.149708
4,73,0.144718
4,74,0.139854
4,75,0.135113
4,76,0.130494
4,77,0.125994
4,78,0.121611
4,79,0.117344
4,80,0.113191
4,81,0.109148
4,82,0.105215
4,83,0.101389
4,84,0.0976681
4,85,0.0940508
4,86,0.0905348
4,87,0.0871184
4,88,0.0837996
4,89,0.0805766
4,90,0.0774474
4,91,0.0744102
4,92,0.0714633
4,93,0.0686048
4,94,0.0658328
4,95,0.0631458
4,96,0.0605418
5,1,0.973958
5,2,0.948462
5,3,0.923503
5,4,0.899071
5,5,0.87516
5,6,0.85176
5,7,0.828863
5,8,0.806461
5,9,0.784547
5,10,0.763111
5,11,0.742146
5,12,0.721645
5,13,0.701599
5,14,0.682002
5,15,0.662844
5,16,0.64412
5,17,0.625821
5,18,0.60794
5,19,0.590471
5,20,0.573405
5,21,0.556736
5,22,0.540458
5,23,0.524562
5,24,0.509042
5,25,0.493892
5,26,0.479105
5,27,0.464674
5,28,0.450593
5,29,0.436855
5,30,0.423455
5,31,0.410385
5,32,0.39764
5,33,0.385214
5,34,0.373101
5,35,0.361294
5,36,0.349787
5,37,0.338576
5,38,0.327654
5,39,0.317016
5,40,0.306656
5,41,0.296569
5,42,0.286749
5,43,0.27719
5,44,0.267889
5,45,0.258838
5,46,0.250034
5,47,0.241472
5,48,0.233145
5,49,0.22505
5,50,0.217181
5,51,0.209534
5,52,0.202103
5,53,0.194885
5,54,0.187875
5,55,0.181068
5,56,0.17446
5,57,0.168046
5,58,0.161822
5,59,0.155784
5,60,0.149927
5,61,0.144248
5,62,0.138742
5,63,0.133406
5,64,0.128235
5,65,0.123226
5,66,0.118375
5,67,0.113677
5,68,0.10913
5,69,0.10473
5,70,0.100473
5,71,0.0963549
5,72,0.0923732
5,73,0.0885244
5,74,0.0848049
5,75,0.0812114
5,76,0.0777409
5,77,0.07439
5,78,0.0711556
5,79,0.0680347
5,80,0.0650244
5,81,0.0621215
5,82,0.0593232
5,83,0.0566267
5,84,0.0540292
5,85,0.0515278
5,86,0.04912
5,87,0.046803
5,88,0.0445743
5,89,0.0424313
5,90,0.0403715
5,91,0.0383925
5,92,0.0364919
5,93,0.0346673
5,94,0.0329164
5,95,0.031237
5,96,0.0296269
6,1,0.96875
6,2,0.938318
6,3,0.908687
6,4,0.87984
6,5,0.85176
6,6,0.824431
6,7,0.797836
6,8,0.77196
6,9,0.746788
6,10,0.722303
6,11,0.698491
6,12,0.675336
6,13,0.652825
6,14,0.630943
6,15,0.609675
6,16,0.589008
6,17,0.568928
6,18,0.549422
6,19,0.530476
6,20,0.512078
6,21,0.494215
6,22,0.476874
6,23,0.460043
6,24,0.443711
6,25,0.427864
6,26,0.412491
6,27,0.397582
6,28,0.383125
6,29,0.369108
6,30,0.355521
6,31,0.342354
6,32,0.329595
6,33,0.317235
6,34,0.305264
6,35,0.293672
6,36,0.282449
6,37,0.271585
6,38,0.261072
6,39,0.250901
6,40,0.241061
6,41,0.231546
6,42,0.222345
6,43,0.213452
6,44,0.204856
6,45,0.196551
6,46,0.188529
6,47,0.180781
6,48,0.1733
6,49,0.166079
6,50,0.159111
6,51,0.152388
6,52,0.145903
6,53,0.13965
6,54,0.133622
6,55,0.127813
6,56,0.122215
6,57,0.116823
6,58,0.111631
6,59,0.106633
6,60,0.101822
6,61,0.0971939
6,62,0.0927423
6,63,0.0884619
6,64,0.0843474
6,65,0.0803936
6,66,0.0765955
6,67,0.0729481
6,68,0.0694466
6,69,0.0660862
6,70,0.0628625
6,71,0.0597709
6,72,0.0568071
6,73,0.0539667
6,74,0.0512457
6,75,0.04864
6,76,0.0461456
6,77,0.0437588
6,78,0.0414757
6,79,0.0392928
6,80,0.0372065
6,81,0.0352132
6,82,0.0333098
6,83,0.0314929
6,84,0.0297594
6,85,0.0281061
6,86,0.02653
6,87,0.0250283
6,88,0.0235981
6,89,0.0222367
6,90,0.0209414
6,91,0.0197095
6,92,0.0185387
6,93,0.0174263
6,94,0.0163702
6,95,0.0153679
6,96,0.0144173
7,1,0.963542
7,2,0.928229
7,3,0.894031
7,4,0.860918
7,5,0.828863
7,6,0.797836
7,7,0.76781
7,8,0.738758
7,9,0.710653
7,10,0.683469
7,11,0.657182
7,12,0.631766
7,13,0.607197
7,14,0.583452
7,15,0.560508
7,16,0.538341
7,17,0.516929
7,18,0.496252
7,19,0.476288
7,20,0.457016
7,21,0.438417
7,22,0.42047
7,23,0.403156
7,24,0.386458
7,25,0.370355
7,26,0.354831
7,27,0.339869
7,28,0.32545
7,29,0.311559
7,30,0.298179
7,31,0.285295
7,32,0.272891
7,33,0.260952
7,34,0.249463
7,35,0.238411
7,36,0.227781
7,37,0.21756
7,38,0.207735
7,39,0.198292
7,40,0.18922
7,41,0.180506
7,42,0.172138
7,43,0.164105
7,44,0.156396
7,45,0.148998
7,46,0.141903
7,47,0.1351
7,48,0.128578
7,49,0.122327
7,50,0.116339
7,51,0.110604
7,52,0.105113
7,53,0.0998576
7,54,0.0948288
7,55,0.0900187
7,56,0.0854192
7,57,0.0810226
7,58,0.0768214
7,59,0.0728084
7,60,0.0689763
7,61,0.0653185
7,62,0.0618282
7,63,0.058499
7,64,0.0553246
7,65,0.0522991
7,66,0.0494164
7,67,0.0466711
7,68,0.0440575
7,69,0.0415704
7,70,0.0392046
7,71,0.0369551
7,72,0.0348172
7,73,0.0327862
7,74,0.0308576
7,75,0.0290271
7,76,0.0272904
7,77,0.0256436
7,78,0.0240827
7,79,0.0226039
7,80,0.0212037
7,81,0.0198784
7,82,0.0186249
7,83,0.0174396
7,84,0.0163197
7,85,0.0152619
7,86,0.0142635
7,87,0.0133215
7,88,0.0124334
7,89,0.0115966
7,90,0.0108084
7,91,0.0100667
7,92,0.009369
7,93,0.00871317
7,94,0.00809709
7,95,0.00751872
7,96,0.00697614
8,1,0.958333
8,2,0.918194
8,3,0.879533
8,4,0.842304
8,5,0.806461
8,6,0.77196
8,7,0.738758
8,8,0.706811
8,9,0.67608
8,10,0.646525
8,11,0.618106
8,12,0.590787
8,13,0.56453
8,14,0.539299
8,15,0.515061
8,16,0.491781
8,17,0.469428
8,18,0.447968
8,19,0.427372
8,20,0.407609
8,21,0.388651
8,22,0.370468
8,23,0.353034
8,24,0.336323
8,25,0.320307
8,26,0.304963
8,27,0.290266
8,28,0.276193
8,29,0.26272
8,30,0.249826
8,31,0.237489
8,32,0.225688
8,33,0.214403
8,34,0.203616
8,35,0.193306
8,36,0.183456
8,37,0.174048
8,38,0.165065
8,39,0.15649
8,40,0.148308
8,41,0.140502
8,42,0.133058
8,43,0.125962
8,44,0.119199
8,45,0.112756
8,46,0.106619
8,47,0.100777
8,48,0.095217
8,49,0.0899271
8,50,0.0848962
8,51,0.0801134
8,52,0.0755679
8,53,0.0712498
8,54,0.067149
8,55,0.0632564
8,56,0.0595625
8,57,0.0560589
8,58,0.0527369
8,59,0.0495884
8,60,0.0466056
8,61,0.043781
8,62,0.0411074
8,63,0.0385777
8,64,0.0361853
8,65,0.0339237
8,66,0.0317868
8,67,0.0297686
8,68,0.0278634
8,69,0.0260658
8,70,0.0243704
8,71,0.0227724
8,72,0.0212667
8,73,0.019849
8,74,0.0185146
8,75,0.0172594
8,76,0.0160792
8,77,0.0149703
8,78,0.0139289
8,79,0.0129514
8,80,0.0120345
8,81,0.0111749
8,82,0.0103695
8,83,0.00961537
8,84,0.00890965
8,85,0.00824968
8,86,0.00763288
8,87,0.00705681
8,88,0.00651915
8,89,0.00601768
8,90,0.00555028
8,91,0.00511497
8,92,0.00470982
8,93,0.00433304
8,94,0.00398289
8,95,0.00365776
8,96,0.00335609
9,1,0.953125
9,2,0.908213
9,3,0.865193
9,4,0.823993
9,5,0.784547
9,6,0.746788
9,7,0.710653
9,8,0.67608
9,9,0.643011
9,10,0.611388
9,11,0.581154
9,12,0.552257
9,13,0.524644
9,14,0.498266
9,15,0.473072
9,16,0.449018
9,17,0.426057
9,18,0.404145
9,19,0.383241
9,20,0.363304
9,21,0.344294
9,22,0.326173
9,23,0.308905
9,24,0.292454
9,25,0.276787
9,26,0.261871
9,27,0.247673
9,28,0.234163
9,29,0.221313
9,30,0.209093
9,31,0.197477
9,32,0.186438
9,33,0.175951
9,34,0.165991
9,35,0.156536
9,36,0.147563
9,37,0.139049
9,38,0.130976
9,39,0.123321
9,40,0.116067
9,41,0.109195
9,42,0.102686
9,43,0.0965251
9,44,0.0906947
9,45,0.0851795
9,46,0.0799644
9,47,0.0750351
9,48,0.0703778
9,49,0.0659791
9,50,0.0618266
9,51,0.057908
9,52,0.0542118
9,53,0.0507267
9,54,0.0474423
9,55,0.0443482
9,56,0.0414348
9,57,0.0386928
9,58,0.0361133
9,59,0.0336878
9,60,0.0314081
9,61,0.0292667
9,62,0.027256
9,63,0.025369
9,64,0.0235991
9,65,0.0219398
9,66,0.020385
9,67,0.0189289
9,68,0.017566
9,69,0.0162911
9,70,0.0150991
9,71,0.0139852
9,72,0.012945
9,73,0.0119741
9,74,0.0110685
9,75,0.0102243
9,76,0.00943781
9,77,0.00870556
9,78,0.00802426
9,79,0.00739076
9,80,0.00680212
9,81,0.00625552
9,82,0.00574832
9,83,0.005278
9,84,0.0048422
9,85,0.00443868
9,86,0.00406534
9,87,0.00372017
9,88,0.0034013
9,89,0.00310695
9,90,0.00283547
9,91,0.00258528
9,92,0.00235491
9,93,0.00214297
9,94,0.00194815
9,95,0.00176924
9,96,0.00160509
10,1,0.947917
10,2,0.898288
10,3,0.851009
10,4,0.805982
10,5,0.763111
10,6,0.722303
10,7,0.683469
10,8,0.646525
10,9,0.611388
10,10,0.577979
10,11,0.546222
10,12,0.516044
10,13,0.487375
10,14,0.460147
10,15,0.434296
10,16,0.409759
10,17,0.386478
10,18,0.364393
10,19,0.343451
10,20,0.323598
10,21,0.304785
10,22,0.286961
10,23,0.270081
10,24,0.2541
10,25,0.238975
10,26,0.224665
10,27,0.211131
10,28,0.198335
10,29,0.186241
10,30,0.174816
10,31,0.164024
10,32,0.153837
10,33,0.144222
10,34,0.135151
10,35,0.126597
10,36,0.118534
10,37,0.110936
10,38,0.103778
10,39,0.0970396
10,40,0.0906971
10,41,0.0847302
10,42,0.0791189
10,43,0.0738443
10,44,0.0688883
10,45,0.0642337
10,46,0.0598641
10,47,0.0557638
10,48,0.051918
10,49,0.0483126
10,50,0.0449341
10,51,0.0417697
10,52,0.0388073
10,53,0.0360354
10,54,0.0334429
10,55,0.0310195
10,56,0.0287553
10,57,0.0266409
10,58,0.0246675
10,59,0.0228267
10,60,0.0211104
10,61,0.0195111
10,62,0.0180217
10,63,0.0166354
10,64,0.0153459
10,65,0.014147
10,66,0.013033
10,67,0.0119987
10,68,0.0110388
10,69,0.0101486
10,70,0.00932347
10,71,0.00855925
10,72,0.00785187
10,73,0.00719755
10,74,0.00659271
10,75,0.00603401
10,76,0.00551828
10,77,0.00504257
10,78,0.00460408
10,79,0.00420022
10,80,0.00382852
10,81,0.00348668
10,82,0.00317257
10,83,0.00288415
10,84,0.00261955
10,85,0.002377
10,86,0.00215485
10,87,0.00195156
10,88,0.0017657
10,89,0.00159592
10,90,0.00144098
10,91,0.00129971
10,92,0.00117102
10,93,0.00105392
10,94,0.000947463
10,95,0.000850783
10,96,0.000763073
11,1,0.942708
11,2,0.888416
11,3,0.836982
11,4,0.788268
11,5,0.742146
11,6,0.698491
11,7,0.657182
11,8,0.618106
11,9,0.581154
11,10,0.546222
11,11,0.513208
11,12,0.482019
11,13,0.452562
11,14,0.424751
11,15,0.398502
11,16,0.373737
11,17,0.350378
11,18,0.328354
11,19,0.307596
11,20,0.288038
11,21,0.269617
11,22,0.252273
11,23,0.23595
11,24,0.220592
11,25,0.206149
11,26,0.19257
11,27,0.179809
11,28,0.167822
11,29,0.156566
11,30,0.146
11,31,0.136086
11,32,0.126788
11,33,0.118072
11,34,0.109903
11,35,0.102252
11,36,0.0950876
11,37,0.0883827
11,38,0.0821104
11,39,0.0762454
11,40,0.0707637
11,41,0.0656426
11,42,0.0608607
11,43,0.0563976
11,44,0.052234
11,45,0.0483518
11,46,0.0447336
11,47,0.0413633
11,48,0.0382254
11,49,0.0353054
11,50,0.0325896
11,51,0.030065
11,52,0.0277195
11,53,0.0255416
11,54,0.0235203
11,55,0.0216455
11,56,0.0199075
11,57,0.0182974
11,58,0.0168065
11,59,0.0154268
11,60,0.0141509
11,61,0.0129717
11,62,0.0118825
11,63,0.010877
11,64,0.00994952
11,65,0.00909448
11,66,0.00830677
11,67,0.00758158
11,68,0.0069144
11,69,0.00630102
11,70,0.00573752
11,71,0.0052202
11,72,0.00474564
11,73,0.00431062
11,74,0.00391216
11,75,0.00354747
11,76,0.00321394
11,77,0.00290917
11,78,0.0026309
11,79,0.00237705
11,80,0.00214565
11,81,0.00193492
11,82,0.00174317
11,83,0.00156885
11,84,0.00141053
11,85,0.00126686
11,86,0.00113662
11,87,0.00101867
11,88,0.000911955
11,89,0.000815498
11,90,0.000728406
11,91,0.000649853
11,92,0.000579077
11,93,0.000515378
11,94,0.000458114
11,95,0.000406693
11,96,0.000360573
12,1,0.9375
12,2,0.878599
12,3,0.823109
12,4,0.770848
12,5,0.721645
12,6,0.675336
12,7,0.631766
12,8,0.590787
12,9,0.552257
12,10,0.516044
12,11,0.482019
12,12,0.450062
12,13,0.420058
12,14,0.391897
12,15,0.365477
12,16,0.340699
12,17,0.31747
12,18,0.2957
12,19,0.275307
12,20,0.256211
12,21,0.238336
12,22,0.22161
12,23,0.205967
12,24,0.191342
12,25,0.177675
12,26,0.164908
12,27,0.152987
12,28,0.141861
12,29,0.131481
12,30,0.121801
12,31,0.112779
12,32,0.104373
12,33,0.0965448
12,34,0.0892584
12,35,0.0824793
12,36,0.0761752
12,37,0.0703155
12,38,0.0648718
12,39,0.0598168
12,40,0.0551253
12,41,0.0507733
12,42,0.0467383
12,43,0.0429993
12,44,0.0395362
12,45,0.0363306
12,46,0.0333648
12,47,0.0306225
12,48,0.0280882
12,49,0.0257476
12,50,0.0235869
12,51,0.0215937
12,52,0.0197559
12,53,0.0180625
12,54,0.0165032
12,55,0.0150681
12,56,0.0137483
12,57,0.0125352
12,58,0.011421
12,59,0.0103982
12,60,0.00946001
12,61,0.00860001
12,62,0.00781222
12,63,0.00709109
12,64,0.00643146
12,65,0.00582851
12,66,0.00527778
12,67,0.00477514
12,68,0.00431672
12,69,0.00389898
12,70,0.00351859
12,71,0.0031725
12,72,0.00285787
12,73,0.00257208
12,74,0.00231271
12,75,0.00207752
12,76,0.00186444
12,77,0.00167157
12,78,0.00149714
12,79,0.00133955
12,80,0.0011973
12,81,0.00106902
12,82,0.000953446
12,83,0.000849434
12,84,0.000755918
12,85,0.000671927
12,86,0.000596571
12,87,0.000529035
12,88,0.000468574
12,89,0.000414507
12,90,0.000366215
12,91,0.000323131
12,92,0.000284739
12,93,0.000250571
12,94,0.000220198
12,95,0.000193235
12,96,0.00016933
13,1,0.932292
13,2,0.868837
13,3,0.809391
13,4,0.753718
13,5,0.701599
13,6,0.652825
13,7,0.607197
13,8,0.56453
13,9,0.524644
13,10,0.487375
13,11,0.452562
13,12,0.420058
13,13,0.38972
13,14,0.361416
13,15,0.335021
13,16,0.310415
13,17,0.287486
13,18,0.26613
13,19,0.246247
13,20,0.227743
13,21,0.21053
13,22,0.194525
13,23,0.179649
13,24,0.16583
13,25,0.152998
13,26,0.141088
13,27,0.130039
13,28,0.119793
13,29,0.110298
13,30,0.101501
13,31,0.0933557
13,32,0.0858176
13,33,0.078845
13,34,0.0723985
13,35,0.0664417
13,36,0.0609401
13,37,0.0558618
13,38,0.0511766
13,39,0.0468565
13,40,0.0428752
13,41,0.0392083
13,42,0.0358327
13,43,0.0327272
13,44,0.0298718
13,45,0.027248
13,46,0.0248383
13,47,0.0226266
13,48,0.020598
13,49,0.0187385
13,50,0.017035
13,51,0.0154755
13,52,0.0140486
13,53,0.0127441
13,54,0.0115522
13,55,0.010464
13,56,0.00947104
13,57,0.00856572
13,58,0.00774088
13,59,0.0069899
13,60,0.00630667
13,61,0.00568556
13,62,0.00512134
13,63,0.00460921
13,64,0.00414472
13,65,0.00372377
13,66,0.0033426
13,67,0.00299772
13,68,0.00268596
13,69,0.00240437
13,70,0.00215025
13,71,0.00192112
13,72,0.00171472
13,73,0.00152896
13,74,0.00136193
13,75,0.00121189
13,76,0.00107723
13,77,0.000956509
13,78,0.000848382
13,79,0.000751637
13,80,0.000665165
13,81,0.000587958
13,82,0.000519098
13,83,0.00045775
13,84,0.000403156
13,85,0.000354628
13,86,0.000311543
13,87,0.000273335
13,88,0.000239493
13,89,0.000209556
13,90,0.000183108
13,91,0.00015977
13,92,0.000139206
13,93,0.000121109
13,94,0.000105206
13,95,9.125e-05
13,96,7.90206e-05
14,1,0.927083
14,2,0.85913
14,3,0.795825
14,4,0.736875
14,5,0.682002
14,6,0.630943
14,7,0.583452
14,8,0.539299
14,9,0.498266
14,10,0.460147
14,11,0.424751
14,12,0.391897
14,13,0.361416
14,14,0.333149
14,15,0.306946
14,16,0.282668
14,17,0.260183
14,18,0.239369
14,19,0.220109
14,20,0.202297
14,21,0.185831
14,22,0.170617
14,23,0.156566
14,24,0.143596
14,25,0.131629
14,26,0.120595
14,27,0.110424
14,28,0.101055
14,29,0.0924281
14,30,0.0844895
14,31,0.0771879
14,32,0.0704759
14,33,0.0643093
14,34,0.0586468
14,35,0.0534503
14,36,0.048684
14,37,0.0443149
14,38,0.0403123
14,39,0.0366475
14,40,0.0332942
14,41,0.0302276
14,42,0.027425
14,43,0.0248654
14,44,0.022529
14,45,0.0203979
14,46,0.0184552
14,47,0.0166856
14,48,0.0150745
14,49,0.013609
14,50,0.0122766
14,51,0.0110662
14,52,0.00996747
14,53,0.00897073
14,54,0.0080672
14,55,0.00724879
14,56,0.00650804
14,57,0.00583809
14,58,0.00523266
14,59,0.00468596
14,60,0.0041927
14,61,0.00374802
14,62,0.00334747
14,63,0.00298697
14,64,0.00266281
14,65,0.00237156
14,66,0.00211013
14,67,0.00187567
14,68,0.0016656
14,69,0.00147754
14,70,0.00130937
14,71,0.00115911
14,72,0.001025
14,73,0.000905418
14,74,0.000798898
14,75,0.000704113
14,76,0.000619861
14,77,0.00054505
14,78,0.000478696
14,79,0.000419909
14,80,0.000367885
14,81,0.000321899
14,82,0.000281299
14,83,0.000245497
14,84,0.000213966
14,85,0.000186229
14,86,0.000161863
14,87,0.000140485
14,88,0.000121753
14,89,0.000105364
14,90,9.10423e-05
14,91,7.85463e-05
14,92,6.76587e-05
14,93,5.81865e-05
14,94,4.99581e-05
14,95,4.28212e-05
14,96,3.66408e-05
15,1,0.921875
15,2,0.849476
15,3,0.782413
15,4,0.720316
15,5,0.662844
15,6,0.609675
15,7,0.560508
15,8,0.515061
15,9,0.473072
15,10,0.434296
15,11,0.398502
15,12,0.365477
15,13,0.335021
15,14,0.306946
15,15,0.28108
15,16,0.25726
15,17,0.235334
15,18,0.215163
15,19,0.196614
15,20,0.179567
15,21,0.163907
15,22,0.149529
15,23,0.136335
15,24,0.124235
15,25,0.113142
15,26,0.10298
15,27,0.0936743
15,28,0.0851585
15,29,0.0773696
15,30,0.0702497
15,31,0.0637451
15,32,0.0578061
15,33,0.0523868
15,34,0.0474446
15,35,0.0429404
15,36,0.0388378
15,37,0.0351034
15,38,0.0317063
15,39,0.028618
15,40,0.0258123
15,41,0.0232651
15,42,0.020954
15,43,0.0188586
15,44,0.0169601
15,45,0.0152411
15,46,0.0136859
15,47,0.0122798
15,48,0.0110095
15,49,0.00986268
15,50,0.00882813
15,51,0.00789558
15,52,0.00705563
15,53,0.00629967
15,54,0.00561985
15,55,0.00500899
15,56,0.00446056
15,57,0.00396859
15,58,0.00352764
15,59,0.00313275
15,60,0.00277943
15,61,0.00246359
15,62,0.0021815
15,63,0.00192979
15,64,0.00170539
15,65,0.00150554
15,66,0.00132772
15,67,0.00116966
15,68,0.0010293
15,69,0.000904789
15,70,0.000794449
15,71,0.00069677
15,72,0.000610394
15,73,0.000534095
15,74,0.000466772
15,75,0.000407436
15,76,0.000355201
15,77,0.00030927
15,78,0.00026893
15,79,0.000233545
15,80,0.000202543
15,81,0.000175417
15,82,0.000151712
15,83,0.000131024
15,84,0.000112993
15,85,9.72996e-05
15,86,8.36595e-05
15,87,7.18209e-05
15,88,6.15608e-05
15,89,5.26818e-05
15,90,4.50097e-05
15,91,3.83906e-05
15,92,3.2689e-05
15,93,2.77857e-05
15,94,2.35757e-05
15,95,1.99672e-05
15,96,1.68795e-05
16,1,0.916667
16,2,0.839878
16,3,0.769151
16,4,0.704038
16,5,0.64412
16,6,0.589008
16,7,0.538341
16,8,0.491781
16,9,0.449018
16,10,0.409759
16,11,0.373737
16,12,0.340699
16,13,0.310415
16,14,0.282668
16,15,0.25726
16,16,0.234005
16,17,0.212732
16,18,0.193282
16,19,0.175509
16,20,0.159277
16,21,0.14446
16,22,0.130944
16,23,0.118619
16,24,0.107389
16,25,0.0971617
16,26,0.0878528
16,27,0.079385
16,28,0.0716871
16,29,0.0646932
16,30,0.058343
16,31,0.0525807
16,32,0.0473553
16,33,0.0426198
16,34,0.038331
16,35,0.0344494
16,36,0.0309386
16,37,0.0277654
16,38,0.0248993
16,39,0.0223124
16,40,0.019979
16,41,0.017876
16,42,0.0159818
16,43,0.0142771
16,44,0.012744
16,45,0.0113663
16,46,0.0101291
16,47,0.00901908
16,48,0.00802387
16,49,0.00713233
16,50,0.00633431
16,51,0.00562058
16,52,0.00498279
16,53,0.00441333
16,54,0.00390532
16,55,0.00345253
16,56,0.00304931
16,57,0.00269057
16,58,0.00237169
16,59,0.0020885
16,60,0.00183725
16,61,0.00161456
16,62,0.00141736
16,63,0.00124291
16,64,0.00108875
16,65,0.000952659
16,66,0.000832639
16,67,0.000726907
16,68,0.000633863
16,69,0.000552074
16,70,0.00048026
16,71,0.000417275
16,72,0.000362098
16,73,0.000313818
16,74,0.000271624
16,75,0.000234794
16,76,0.000202685
16,77,0.000174729
16,78,0.000150419
16,79,0.000129307
16,80,0.000110998
16,81,9.51414e-05
16,82,8.14273e-05
16,83,6.95833e-05
16,84,5.93693e-05
16,85,5.05738e-05
16,86,4.30114e-05
16,87,3.65191e-05
16,88,3.09543e-05
16,89,2.61921e-05
16,90,2.21234e-05
16,91,1.86531e-05
16,92,1.56981e-05
16,93,1.31864e-05
16,94,1.10553e-05
16,95,9.25034e-06
16,96,7.72451e-06
17,1,0.911458
17,2,0.830334
17,3,0.756041
17,4,0.688037
17,5,0.625821
17,6,0.568928
17,7,0.516929
17,8,0.469428
17,9,0.426057
17,10,0.386478
17,11,0.350378
17,12,0.31747
17,13,0.287486
17,14,0.260183
17,15,0.235334
17,16,0.212732
17,17,0.192184
17,18,0.173514
17,19,0.156562
17,20,0.141177
17,21,0.127224
17,22,0.114576
17,23,0.103118
17,24,0.0927452
17,25,0.0833603
17,26,0.0748745
17,27,0.0672066
17,28,0.0602823
17,29,0.0540335
17,30,0.0483981
17,31,0.0433193
17,32,0.0387452
17,33,0.0346286
17,34,0.0309261
17,35,0.0275986
17,36,0.0246102
17,37,0.0219284
17,38,0.0195233
17,39,0.0173681
17,40,0.0154383
17,41,0.0137117
17,42,0.012168
17,43,0.010789
17,44,0.009558
17,45,0.00846012
17,46,0.00748174
17,47,0.00661058
17,48,0.00583554
17,49,0.00514663
17,50,0.00453479
17,51,0.00399189
17,52,0.0035106
17,53,0.00308431
17,54,0.00270709
17,55,0.00237361
17,56,0.00207908
17,57,0.00181919
17,58,0.00159011
17,59,0.00138838
17,60,0.00121092
17,61,0.00105496
17,62,0.000918061
17,63,0.000798007
17,64,0.000692843
17,65,0.000600825
17,66,0.0005204
17,67,0.000450187
17,68,0.000388962
17,69,0.000335636
17,70,0.000289247
17,71,0.000248942
17,72,0.000213967
17,73,0.000183655
17,74,0.000157419
17,75,0.00013474
17,76,0.000115162
17,77,9.82849e-05
17,78,8.37558e-05
17,79,7.12659e-05
17,80,6.05445e-05
17,81,5.13547e-05
17,82,4.34896e-05
17,83,3.67685e-05
17,84,3.10339e-05
17,85,2.6149e-05
17,86,2.19945e-05
17,87,1.8467e-05
17,88,1.54771e-05
17,89,1.29472e-05
17,90,1.08103e-05
17,91,9.00858e-06
17,92,7.49229e-06
17,93,6.2186e-06
17,94,5.15076e-06
17,95,4.25726e-06
17,96,3.51114e-06
18,1,0.90625
18,2,0.820844
18,3,0.74308
18,4,0.672311
18,5,0.60794
18,6,0.549422
18,7,0.496252
18,8,0.447968
18,9,0.404145
18,10,0.364393
18,11,0.328354
18,12,0.2957
18,13,0.26613
18,14,0.239369
18,15,0.215163
18,16,0.193282
18,17,0.173514
18,18,0.155667
18,19,0.139564
18,20,0.125043
18,21,0.111957
18,22,0.100172
18,23,0.0895654
18,24,0.0800259
18,25,0.0714517
18,26,0.0637503
18,27,0.0568376
18,28,0.0506371
18,29,0.0450794
18,30,0.0401013
18,31,0.0356456
18,32,0.0316604
18,33,0.0280986
18,34,0.0249176
18,35,0.0220789
18,36,0.0195476
18,37,0.0172921
18,38,0.015284
18,39,0.0134975
18,40,0.0119096
18,41,0.0104992
18,42,0.00924767
18,43,0.00813795
18,44,0.00715484
18,45,0.00628466
18,46,0.00551511
18,47,0.00483517
18,48,0.00423494
18,49,0.00370557
18,50,0.00323914
18,51,0.00282854
18,52,0.00246745
18,53,0.00215021
18,54,0.00187176
18,55,0.00162762
18,56,0.00141377
18,57,0.00122665
18,58,0.0010631
18,59,0.000920296
18,60,0.000795745
18,61,0.000687234
18,62,0.000592805
18,63,0.000510724
18,64,0.000439461
18,65,0.000377661
18,66,0.000324135
18,67,0.00027783
18,68,0.000237822
18,69,0.0002033
18,70,0.000173548
18,71,0.000147943
18,72,0.000125935
18,73,0.000107045
18,74,9.0853e-05
18,75,7.69941e-05
18,76,6.51489e-05
18,77,5.50395e-05
18,78,4.64247e-05
18,79,3.90945e-05
18,80,3.2867e-05
18,81,2.75848e-05
18,82,2.31116e-05
18,83,1.93297e-05
18,84,1.61376e-05
18,85,1.3448e-05
18,86,1.11858e-05
18,87,9.28628e-06
18,88,7.69435e-06
18,89,6.36263e-06
18,90,5.25072e-06
18,91,4.32412e-06
18,92,3.55349e-06
18,93,2.91386e-06
18,94,2.38407e-06
18,95,1.94618e-06
18,96,1.58503e-06
19,1,0.901042
19,2,0.811409
19,3,0.730268
19,4,0.656855
19,5,0.590471
19,6,0.530476
19,7,0.476288
19,8,0.427372
19,9,0.383241
19,10,0.343451
19,11,0.307596
19,12,0.275307
19,13,0.246247
19,14,0.220109
19,15,0.196614
19,16,0.175509
19,17,0.156562
19,18,0.139564
19,19,0.124324
19,20,0.11067
19,21,0.0984447
19,22,0.0875064
19,23,0.0777263
19,24,0.0689878
19,25,0.0611856
19,26,0.0542244
19,27,0.048018
19,28,0.0424886
19,29,0.0375662
19,30,0.0331873
19,31,0.029295
19,32,0.0258378
19,33,0.0227696
19,34,0.0200487
19,35,0.0176377
19,36,0.0155032
19,37,0.013615
19,38,0.0119461
19,39,0.0104722
19,40,0.00917175
19,41,0.00802528
19,42,0.00701548
19,43,0.00612685
19,44,0.00534557
19,45,0.00465932
19,46,0.00405709
19,47,0.00352911
19,48,0.00306668
19,49,0.00266205
19,50,0.00230835
19,51,0.00199949
19,52,0.00173005
19,53,0.00149526
19,54,0.00129087
19,55,0.00111314
19,56,0.000958765
19,57,0.00082482
19,58,0.000708734
19,59,0.000608242
19,60,0.00052135
19,61,0.000446307
19,62,0.000381576
19,63,0.000325807
19,64,0.00027782
19,65,0.000236581
19,66,0.000201187
19,67,0.000170849
19,68,0.00014488
19,69,0.000122681
19,70,0.00010373
19,71,8.75754e-05
19,72,7.38239e-05
19,73,6.21351e-05
19,74,5.22144e-05
19,75,4.3807e-05
19,76,3.6693e-05
19,77,3.0683e-05
19,78,2.56136e-05
19,79,2.13447e-05
19,80,1.77557e-05
19,81,1.47436e-05
19,82,1.22199e-05
19,83,1.01092e-05
19,84,8.34706e-06
19,85,6.87859e-06
19,86,5.65716e-06
19,87,4.64314e-06
19,88,3.80295e-06
19,89,3.10818e-06
19,90,2.53483e-06
19,91,2.06266e-06
19,92,1.67463e-06
19,93,1.35645e-06
19,94,1.09612e-06
19,95,8.83609e-07
19,96,7.10531e-07
20,1,0.895833
20,2,0.802029
20,3,0.717605
20,4,0.641668
20,5,0.573405
20,6,0.512078
20,7,0.457016
20,8,0.407609
20,9,0.363304
20,10,0.323598
20,11,0.288038
20,12,0.256211
20,13,0.227743
20,14,0.202297
20,15,0.179567
20,16,0.159277
20,17,0.141177
20,18,0.125043
20,19,0.11067
20,20,0.0978757
20,21,0.0864948
20,22,0.0763784
20,23,0.0673927
20,24,0.0594173
20,25,0.0523438
20,26,0.0460751
20,27,0.0405238
20,28,0.0356119
20,29,0.031269
20,30,0.0274323
20,31,0.0240456
20,32,0.0210585
20,33,0.0184262
20,34,0.0161085
20,35,0.0140694
20,36,0.0122771
20,37,0.0107031
20,38,0.00932209
20,39,0.00811143
20,40,0.00705111
20,41,0.00612334
20,42,0.0053123
20,43,0.00460399
20,44,0.00398601
20,45,0.00344736
20,46,0.00297833
20,47,0.00257034
20,48,0.00221581
20,49,0.00190806
20,50,0.0016412
20,51,0.00141004
20,52,0.00121004
20,53,0.00103717
20,54,0.00088794
20,55,0.000759253
20,56,0.000648413
20,57,0.000553058
20,58,0.000471124
20,59,0.000400807
20,60,0.000340535
20,61,0.000288939
20,62,0.000244826
20,63,0.000207161
20,64,0.000175043
20,65,0.000147692
20,66,0.000124434
20,67,0.000104682
20,68,8.79331e-05
20,69,7.37503e-05
20,70,6.17584e-05
20,71,5.16341e-05
20,72,4.30995e-05
20,73,3.59163e-05
20,74,2.98799e-05
20,75,2.48155e-05
20,76,2.05736e-05
20,77,1.70264e-05
20,78,1.40653e-05
20,79,1.15977e-05
20,80,9.545e-06
20,81,7.84053e-06
20,82,6.42782e-06
20,83,5.25913e-06
20,84,4.29415e-06
20,85,3.49894e-06
20,86,2.84493e-06
20,87,2.30815e-06
20,88,1.8685e-06
20,89,1.50918e-06
20,90,1.21613e-06
20,91,9.77675e-07
20,92,7.84076e-07
20,93,6.27261e-07
20,94,5.00541e-07
20,95,3.9839e-07
20,96,3.16248e-07
21,1,0.890625
21,2,0.792703
21,3,0.705088
21,4,0.626745
21,5,0.556736
21,6,0.494215
21,7,0.438417
21,8,0.388651
21,9,0.344294
21,10,0.304785
21,11,0.269617
21,12,0.238336
21,13,0.21053
21,14,0.185831
21,15,0.163907
21,16,0.14446
21,17,0.127224
21,18,0.111957
21,19,0.0984447
21,20,0.0864948
21,21,0.0759344
21,22,0.0666091
21,23,0.0583809
21,24,0.0511265
21,25,0.0447357
21,26,0.0391102
21,27,0.0341625
21,28,0.0298146
21,29,0.0259969
21,30,0.0226476
21,31,0.0197118
21,32,0.0171407
21,33,0.014891
21,34,0.0129242
21,35,0.0112065
21,36,0.0097075
21,37,0.00840072
21,38,0.00726256
21,39,0.00627221
21,40,0.00541132
21,41,0.0046637
21,42,0.00401511
21,43,0.00345299
21,44,0.00296633
21,45,0.00254543
21,46,0.0021818
21,47,0.00186798
21,48,0.00159744
21,49,0.00136448
21,50,0.0011641
21,51,0.000991948
21,52,0.000844211
21,53,0.000717579
21,54,0.000609168
21,55,0.000516469
21,56,0.000437302
21,57,0.000369777
21,58,0.000312256
21,59,0.000263321
21,60,0.000221744
21,61,0.000186466
21,62,0.000156575
21,63,0.000131282
21,64,0.00010991
21,65,9.18783e-05
21,66,7.66858e-05
21,67,6.39048e-05
21,68,5.31688e-05
21,69,4.41644e-05
21,70,3.66242e-05
21,71,3.032e-05
21,72,2.50579e-05
21,73,2.06727e-05
21,74,1.70246e-05
21,75,1.39948e-05
21,76,1.14829e-05
21,77,9.40411e-06
21,78,7.68684e-06
21,79,6.27084e-06
21,80,5.10546e-06
21,81,4.14819e-06
21,82,3.3634e-06
21,83,2.72129e-06
21,84,2.19701e-06
21,85,1.76981e-06
21,86,1.42247e-06
21,87,1.14066e-06
21,88,9.12525e-07
21,89,7.28265e-07
21,90,5.79784e-07
21,91,4.60417e-07
21,92,3.64686e-07
21,93,2.88102e-07
21,94,2.2699e-07
21,95,1.78349e-07
21,96,1.39737e-07
22,1,0.885417
22,2,0.783432
22,3,0.692718
22,4,0.612084
22,5,0.540458
22,6,0.476874
22,7,0.42047
22,8,0.370468
22,9,0.326173
22,10,0.286961
22,11,0.252273
22,12,0.22161
22,13,0.194525
22,14,0.170617
22,15,0.149529
22,16,0.130944
22,17,0.114576
22,18,0.100172
22,19,0.0875064
22,20,0.0763784
22,21,0.0666091
22,22,0.0580395
22,23,0.0505285
22,24,0.0439508
22,25,0.0381954
22,26,0.0331636
22,27,0.0287685
22,28,0.0249327
22,29,0.021588
22,30,0.0186743
22,31,0.0161383
22,32,0.0139331
22,33,0.0120173
22,34,0.0103545
22,35,0.00891274
22,36,0.00766382
22,37,0.00658302
22,38,0.00564866
22,39,0.00484171
22,40,0.00414551
22,41,0.00354551
22,42,0.00302894
22,43,0.0025847
22,44,0.00220306
22,45,0.00187558
22,46,0.00159488
22,47,0.00135456
22,48,0.00114904
22,49,0.000973491
22,50,0.000823723
22,51,0.000696104
22,52,0.000587492
22,53,0.000495172
22,54,0.000416799
22,55,0.000350353
22,56,0.000294092
22,57,0.000246518
22,58,0.000206345
22,59,0.000172467
22,60,0.000143939
22,61,0.000119949
22,62,9.9805e-05
22,63,8.29149e-05
22,64,6.87744e-05
22,65,5.69538e-05
22,66,4.70878e-05
22,67,3.88661e-05
22,68,3.20257e-05
22,69,2.63437e-05
22,70,2.16318e-05
22,71,1.7731e-05
22,72,1.45072e-05
22,73,1.18475e-05
22,74,9.65723e-06
22,75,7.85673e-06
22,76,6.3794e-06
22,77,5.16951e-06
22,78,4.18056e-06
22,79,3.37379e-06
22,80,2.71694e-06
22,81,2.18326e-06
22,82,1.75054e-06
22,83,1.40043e-06
22,84,1.11778e-06
22,85,8.90081e-07
22,86,7.07073e-07
22,87,5.60322e-07
22,88,4.42921e-07
22,89,3.49227e-07
22,90,2.74634e-07
22,91,2.154e-07
22,92,1.68481e-07
22,93,1.31415e-07
22,94,1.02212e-07
22,95,7.92662e-08
22,96,6.12883e-08
23,1,0.880208
23,2,0.774215
23,3,0.680494
23,4,0.597683
23,5,0.524562
23,6,0.460043
23,7,0.403156
23,8,0.353034
23,9,0.308905
23,10,0.270081
23,11,0.23595
23,12,0.205967
23,13,0.179649
23,14,0.156566
23,15,0.136335
23,16,0.118619
23,17,0.103118
23,18,0.0895654
23,19,0.0777263
23,20,0.0673927
23,21,0.0583809
23,22,0.0505285
23,23,0.0436923
23,24,0.037746
23,25,0.0325784
23,26,0.0280916
23,27,0.0241994
23,28,0.0208261
23,29,0.0179054
23,30,0.0153788
23,31,0.0131954
23,32,0.0113104
23,33,0.0096845
23,34,0.0082836
23,35,0.00707776
23,36,0.00604089
23,37,0.00515025
23,38,0.00438602
23,39,0.00373096
23,40,0.0031701
23,41,0.00269041
23,42,0.00228061
23,43,0.00193092
23,44,0.00163286
23,45,0.0013791
23,46,0.00116333
23,47,0.000980062
23,48,0.000824604
23,49,0.000692896
23,50,0.000581451
23,51,0.000487273
23,52,0.000407789
23,53,0.000340795
23,54,0.000284404
23,55,0.000237004
23,56,0.000197215
23,57,0.000163862
23,58,0.000135945
23,59,0.000112611
23,60,9.3137e-05
23,61,7.69086e-05
23,62,6.34055e-05
23,63,5.21876e-05
23,64,4.28829e-05
23,65,3.51773e-05
23,66,2.88066e-05
23,67,2.35483e-05
23,68,1.92154e-05
23,69,1.56513e-05
23,70,1.27246e-05
23,71,1.03257e-05
23,72,8.36296e-06
23,73,6.76006e-06
23,74,5.45349e-06
23,75,4.39053e-06
23,76,3.52743e-06
23,77,2.82803e-06
23,78,2.26242e-06
23,79,1.80597e-06
23,80,1.43838e-06
23,81,1.143e-06
23,82,9.06162e-07
23,83,7.16692e-07
23,84,5.65463e-07
23,85,4.4504e-07
23,86,3.49377e-07
23,87,2.73569e-07
23,88,2.13644e-07
23,89,1.66396e-07
23,90,1.2924e-07
23,91,1.00097e-07
23,92,7.7303e-08
23,93,5.95233e-08
23,94,4.56947e-08
23,95,3.49704e-08
23,96,2.66784e-08
24,1,0.875
24,2,0.765052
24,3,0.668414
24,4,0.583536
24,5,0.509042
24,6,0.443711
24,7,0.386458
24,8,0.336323
24,9,0.292454
24,10,0.2541
24,11,0.220592
24,12,0.191342
24,13,0.16583
24,14,0.143596
24,15,0.124235
24,16,0.107389
24,17,0.0927452
24,18,0.0800259
24,19,0.0689878
24,20,0.0594173
24,21,0.0511265
24,22,0.0439508
24,23,0.037746
24,24,0.0323856
24,25,0.0277591
24,26,0.0237698
24,27,0.0203332
24,28,0.0173756
24,29,0.0148329
24,30,0.0126489
24,31,0.010775
24,32,0.00916876
24,33,0.00779345
24,34,0.00661708
24,35,0.00561195
24,36,0.00475407
24,37,0.00402268
24,38,0.00339981
24,39,0.00286997
24,40,0.00241978
24,41,0.00203771
24,42,0.00171383
24,43,0.00143962
24,44,0.00120774
24,45,0.00101189
24,46,0.000846681
24,47,0.0007075
24,48,0.000590397
24,49,0.000491997
24,50,0.000409424
24,51,0.000340226
24,52,0.000282315
24,53,0.000233918
24,54,0.000193529
24,55,0.000159872
24,56,0.000131865
24,57,0.000108595
24,58,8.92892e-05
24,59,7.32971e-05
24,60,6.00706e-05
24,61,4.91487e-05
24,62,4.01443e-05
24,63,3.27331e-05
24,64,2.66432e-05
24,65,2.16476e-05
24,66,1.75567e-05
24,67,1.42126e-05
24,68,1.14838e-05
24,69,9.2611e-06
24,70,7.45405e-06
24,71,5.98768e-06
24,72,4.80004e-06
24,73,3.84003e-06
24,74,3.06557e-06
24,75,2.44207e-06
24,76,1.94113e-06
24,77,1.53952e-06
24,78,1.21823e-06
24,79,9.61758e-07
24,80,7.57491e-07
24,81,5.95171e-07
24,82,4.66486e-07
24,83,3.64707e-07
24,84,2.84404e-07
24,85,2.21203e-07
24,86,1.71588e-07
24,87,1.32738e-07
24,88,1.02398e-07
24,89,7.87674e-08
24,90,6.04138e-08
24,91,4.61988e-08
24,92,3.52209e-08
24,93,2.67679e-08
24,94,2.02787e-08
24,95,1.53125e-08
24,96,1.15238e-08
25,1,0.869792
25,2,0.755945
25,3,0.656478
25,4,0.569642
25,5,0.493892
25,6,0.427864
25,7,0.370355
25,8,0.320307
25,9,0.276787
25,10,0.238975
25,11,0.206149
25,12,0.177675
25,13,0.152998
25,14,0.131629
25,15,0.113142
25,16,0.0971617
25,17,0.0833603
25,18,0.0714517
25,19,0.0611856
25,20,0.0523438
25,21,0.0447357
25,22,0.0381954
25,23,0.0325784
25,24,0.0277591
25,25,0.0236283
25,26,0.0200911
25,27,0.0170653
25,28,0.0144797
25,29,0.0122724
25,30,0.0103901
25,31,0.00878673
25,32,0.00742233
25,33,0.00626259
25,34,0.00527791
25,35,0.0044428
25,36,0.00373534
25,37,0.00313673
25,38,0.00263081
25,39,0.00220373
25,40,0.00184364
25,41,0.00154041
25,42,0.00128538
25,43,0.00107115
25,44,0.000891424
25,45,0.000740846
25,46,0.000614852
25,47,0.000509569
25,48,0.000421712
25,49,0.000348498
25,50,0.000287572
25,51,0.000236943
25,52,0.000194932
25,53,0.000160123
25,54,0.000131324
25,55,0.000107533
25,56,8.79103e-05
25,57,7.17503e-05
25,58,5.84632e-05
25,59,4.75559e-05
25,60,3.86168e-05
25,61,3.1303e-05
25,62,2.53292e-05
25,63,2.04582e-05
25,64,1.64934e-05
25,65,1.3272e-05
25,66,1.06594e-05
25,67,8.54446e-06
25,68,6.83557e-06
25,69,5.45743e-06
25,70,4.3482e-06
25,71,3.45717e-06
25,72,2.74288e-06
25,73,2.17145e-06
25,74,1.71526e-06
25,75,1.35186e-06
25,76,1.063e-06
25,77,8.33905e-07
25,78,6.52621e-07
25,79,5.09503e-07
25,80,3.96781e-07
25,81,3.08214e-07
25,82,2.38796e-07
25,83,1.84524e-07
25,84,1.42202e-07
25,85,1.09285e-07
25,86,8.37512e-08
25,87,6.39985e-08
25,88,4.87608e-08
25,89,3.70394e-08
25,90,2.80493e-08
25,91,2.11745e-08
25,92,1.59333e-08
25,93,1.19499e-08
25,94,8.93228e-09
25,95,6.65364e-09
25,96,4.93878e-09
26,1,0.864583
26,2,0.746891
26,3,0.644685
26,4,0.555998
26,5,0.479105
26,6,0.412491
26,7,0.354831
26,8,0.304963
26,9,0.261871
26,10,0.224665
26,11,0.19257
26,12,0.164908
26,13,0.141088
26,14,0.120595
26,15,0.10298
26,16,0.0878528
26,17,0.0748745
26,18,0.0637503
26,19,0.0542244
26,20,0.0460751
26,21,0.0391102
26,22,0.0331636
26,23,0.0280916
26,24,0.0237698
26,25,0.0200911
26,26,0.0169632
26,27,0.0143063
26,28,0.012052
26,29,0.0101413
26,30,0.00852365
26,31,0.00715566
26,32,0.00600009
26,33,0.00502507
26,34,0.00420336
26,35,0.00351167
26,36,0.00293012
26,37,0.00244177
26,38,0.00203218
26,39,0.00168908
26,40,0.00140205
26,41,0.00116223
26,42,0.000962108
26,43,0.000795342
26,44,0.000656558
26,45,0.000541217
26,46,0.000445491
26,47,0.000366157
26,48,0.000300501
26,49,0.000246244
26,50,0.000201473
26,51,0.000164583
26,52,0.000134235
26,53,0.000109305
26,54,8.88597e-05
26,55,7.2118e-05
26,56,5.84314e-05
26,57,4.72607e-05
26,58,3.81586e-05
26,59,3.07547e-05
26,60,2.47425e-05
26,61,1.9869e-05
26,62,1.59255e-05
26,63,1.27404e-05
26,64,1.01726e-05
26,65,8.10627e-06
26,66,6.44672e-06
26,67,5.11645e-06
26,68,4.05223e-06
26,69,3.20257e-06
26,70,2.5256e-06
26,71,1.98736e-06
26,72,1.56032e-06
26,73,1.22225e-06
26,74,9.55206e-07
26,75,7.44736e-07
26,76,5.79239e-07
26,77,4.4941e-07
26,78,3.47804e-07
26,79,2.6848e-07
26,80,2.06706e-07
26,81,1.58721e-07
26,82,1.21543e-07
26,83,9.28146e-08
26,84,7.06754e-08
26,85,5.36609e-08
26,86,4.06218e-08
26,87,3.0658e-08
26,88,2.30665e-08
26,89,1.72999e-08
26,90,1.29329e-08
26,91,9.63628e-09
26,92,7.15565e-09
26,93,5.29518e-09
26,94,3.90453e-09
26,95,2.86863e-09
26,96,2.09972e-09
27,1,0.859375
27,2,0.737893
27,3,0.633034
27,4,0.542601
27,5,0.464674
27,6,0.397582
27,7,0.339869
27,8,0.290266
27,9,0.247673
27,10,0.211131
27,11,0.179809
27,12,0.152987
27,13,0.130039
27,14,0.110424
27,15,0.0936743
27,16,0.079385
27,17,0.0672066
27,18,0.0568376
27,19,0.048018
27,20,0.0405238
27,21,0.0341625
27,22,0.0287685
27,23,0.0241994
27,24,0.0203332
27,25,0.0170653
27,26,0.0143063
27,27,0.0119794
27,28,0.0100191
27,29,0.00836961
27,30,0.00698323
27,31,0.00581936
27,32,0.00484344
27,33,0.00402611
27,34,0.00334243
27,35,0.00277126
27,36,0.00229467
27,37,0.00189752
27,38,0.00156698
27,39,0.00129225
27,40,0.00106421
27,41,0.00087517
27,42,0.000718683
27,43,0.00058932
27,44,0.00048253
27,45,0.000394501
27,46,0.000322042
27,47,0.000262486
27,48,0.000213609
27,49,0.000173558
27,50,0.000140788
27,51,0.000114018
27,52,9.21852e-05
27,53,7.44066e-05
27,54,5.99535e-05
27,55,4.82235e-05
27,56,3.87196e-05
27,57,3.10326e-05
27,58,2.48261e-05
